(
Seq1:0.49948,
Seq2:0.50013,
Seq3:0.49954);
